0.000	384
0.001	1
0.002	1
0.003	1
0.004	1
0.005	1
0.006	2
0.007	3
0.008	3
0.009	3
0.010	3
0.011	3
0.012	3
0.013	2
0.014	4
0.015	3
0.016	3
0.017	4
0.018	2
0.019	2
0.020	3
0.021	3
0.022	3
0.023	3
0.024	3
0.025	2
0.026	3
0.027	3
0.028	4
0.029	4
0.030	5
0.031	6
0.032	5
0.033	7
0.034	7
0.035	7
0.036	9
0.037	10
0.038	8
0.039	10
0.040	10
0.041	10
0.042	11
0.043	13
0.044	13
0.045	10
0.046	11
0.047	13
0.048	15
0.049	14
0.050	14
0.051	12
0.052	12
0.053	11
0.054	13
0.055	14
0.056	15
0.057	15
0.058	15
0.059	14
0.060	12
0.061	15
0.062	12
0.063	13
0.064	11
0.065	12
0.066	12
0.067	11
0.068	12
0.069	11
0.070	12
0.071	14
0.072	10
0.073	11
0.074	10
0.075	12
0.076	9
0.077	13
0.078	11
0.079	10
0.080	11
0.081	10
0.082	10
0.083	8
0.084	9
0.085	10
0.086	9
0.087	10
0.088	8
0.089	9
0.090	8
0.091	9
0.092	6
0.093	11
0.094	9
0.095	7
0.096	9
0.097	9
0.098	7
0.099	7
0.100	8
0.101	9
0.102	7
0.103	7
0.104	7
0.105	9
0.106	7
0.107	8
0.108	7
0.109	7
0.110	7
0.111	7
0.112	7
0.113	8
0.114	8
0.115	8
0.116	5
0.117	8
0.118	4
0.119	5
0.120	7
0.121	7
0.122	5
0.123	6
0.124	5
0.125	5
0.126	6
0.127	5
0.128	5
0.129	5
0.130	6
0.131	5
0.132	6
0.133	7
0.134	6
0.135	5
0.136	5
0.137	5
0.138	6
0.139	5
0.140	4
0.141	5
0.142	6
0.143	4
0.144	6
0.145	4
0.146	4
0.147	4
0.148	4
0.149	4
0.150	5
0.151	4
0.152	5
0.153	5
0.154	5
0.155	5
0.156	3
0.157	5
0.158	4
0.159	4
0.160	4
0.161	4
0.162	3
0.163	4
0.164	4
0.165	3
0.166	4
0.167	5
0.168	4
0.169	3
0.170	3
0.171	4
0.172	3
0.173	3
0.174	3
0.175	4
0.176	4
0.177	4
0.178	4
0.179	4
0.180	2
0.181	3
0.182	4
0.183	4
0.184	2
0.185	4
0.186	5
0.187	4
0.188	3
0.189	3
0.190	3
0.191	3
0.192	2
0.193	2
0.194	4
0.195	4
0.196	2
0.197	3
0.198	4
0.199	2
0.200	2
0.201	4
0.202	3
0.203	4
0.204	2
0.205	2
0.206	3
0.207	3
0.208	2
0.209	2
0.210	2
0.211	2
0.212	3
0.213	2
0.214	2
0.215	4
0.216	4
0.217	3
0.218	2
0.219	2
0.220	3
0.221	2
0.222	3
0.223	2
0.224	3
0.225	3
0.226	2
0.227	2
0.228	2
0.229	2
0.230	2
0.231	3
0.232	2
0.233	2
0.234	2
0.235	3
0.236	3
0.237	2
0.238	2
0.239	2
0.240	3
0.241	3
0.242	1
0.243	2
0.244	2
0.245	2
0.246	3
0.247	2
0.248	2
0.249	2
0.250	2
0.251	2
0.252	4
0.253	2
0.254	3
0.255	2
0.256	2
0.257	2
0.258	2
0.259	2
0.260	2
0.261	1
0.262	2
0.263	2
0.264	2
0.265	2
0.266	2
0.267	2
0.268	1
0.269	1
0.270	2
0.271	2
0.272	2
0.273	2
0.274	2
0.275	1
0.276	2
0.277	2
0.278	1
0.279	2
0.280	2
0.281	2
0.282	2
0.283	2
0.284	2
0.285	2
0.286	1
0.287	2
0.288	1
0.289	2
0.290	2
0.291	1
0.292	2
0.293	1
0.294	1
0.295	1
0.296	2
0.297	2
0.298	1
0.299	1
0.300	1
0.301	1
0.302	2
0.303	1
0.304	1
0.305	1
0.306	2
0.307	2
0.308	1
0.309	1
0.310	1
0.311	1
0.312	1
0.313	1
0.314	1
0.315	2
0.316	1
0.317	1
0.318	1
0.319	1
0.320	1
0.321	1
0.322	2
0.323	2
0.324	1
0.325	2
0.326	2
0.327	1
0.328	2
0.329	0
0.330	2
0.331	1
0.332	1
0.333	1
0.334	1
0.335	1
0.336	1
0.337	1
0.338	2
0.339	1
0.340	2
0.341	1
0.342	2
0.343	1
0.344	1
0.345	1
0.346	1
0.347	1
0.348	1
0.349	1
0.350	1
0.351	2
0.352	1
0.353	1
0.354	1
0.355	1
0.356	1
0.357	0
0.358	1
0.359	1
0.360	2
0.361	1
0.362	1
0.363	1
0.364	1
0.365	1
0.366	1
0.367	1
0.368	1
0.369	1
0.370	1
0.371	1
0.372	1
0.373	1
0.374	1
0.375	2
0.376	1
0.377	1
0.378	1
0.379	1
0.380	1
0.381	1
0.382	1
0.383	1
0.384	0
0.385	1
0.386	0
0.387	1
0.388	1
0.389	1
0.390	1
0.391	0
0.392	1
0.393	1
0.394	1
0.395	0
0.396	1
0.397	1
0.398	1
0.399	2
0.400	1
0.401	1
0.402	1
0.403	1
0.404	1
0.405	0
0.406	0
0.407	1
0.408	0
0.409	1
0.410	1
0.411	1
0.412	1
0.413	1
0.414	1
0.415	1
0.416	1
0.417	1
0.418	1
0.419	1
0.420	1
0.421	0
0.422	1
0.423	0
0.424	1
0.425	0
0.426	1
0.427	1
0.428	2
0.429	1
0.430	1
0.431	1
0.432	1
0.433	1
0.434	1
0.435	1
0.436	1
0.437	0
0.438	1
0.439	1
0.440	1
0.441	0
0.442	0
0.443	1
0.444	1
0.445	1
0.446	1
0.447	1
0.448	0
0.449	1
0.450	0
0.451	1
0.452	1
0.453	1
0.454	0
0.455	0
0.456	0
0.457	1
0.458	1
0.459	1
0.460	0
0.461	0
0.462	1
0.463	1
0.464	1
0.465	1
0.466	0
0.467	1
0.468	1
0.469	1
0.470	1
0.471	1
0.472	1
0.473	0
0.474	0
0.475	0
0.476	1
0.477	0
0.478	0
0.479	0
0.480	0
0.481	1
0.482	1
0.483	0
0.484	0
0.485	1
0.486	1
0.487	0
0.488	1
0.489	0
0.490	0
0.491	1
0.492	0
0.493	0
0.494	0
0.495	1
0.496	1
0.497	1
0.498	0
0.499	1
0.500	1
0.501	0
0.502	0
0.503	1
0.504	1
0.505	0
0.506	0
0.507	0
0.508	1
0.509	0
0.510	1
0.511	1
0.512	1
0.513	0
0.514	0
0.515	0
0.516	1
0.517	1
0.518	0
0.519	0
0.520	1
0.521	1
0.522	1
0.523	0
0.524	1
0.525	0
0.526	0
0.527	1
0.528	1
0.529	0
0.530	1
0.531	1
0.532	0
0.533	1
0.534	0
0.535	1
0.536	0
0.537	1
0.538	0
0.539	0
0.540	0
0.541	0
0.542	0
0.543	0
0.544	1
0.545	0
0.546	0
0.547	1
0.548	0
0.549	1
0.550	0
0.551	1
0.552	1
0.553	0
0.554	1
0.555	0
0.556	1
0.557	0
0.558	0
0.559	0
0.560	0
0.561	0
0.562	0
0.563	0
0.564	0
0.565	0
0.566	0
0.567	0
0.568	0
0.569	0
0.570	1
0.571	0
0.572	0
0.573	1
0.574	1
0.575	1
0.576	1
0.577	0
0.578	0
0.579	0
0.580	0
0.581	0
0.582	0
0.583	0
0.584	1
0.585	1
0.586	0
0.587	1
0.588	1
0.589	0
0.590	0
0.591	0
0.592	1
0.593	1
0.594	1
0.595	1
0.596	1
0.597	0
0.598	1
0.599	0
0.600	0
0.601	1
0.602	1
0.603	0
0.604	0
0.605	0
0.606	0
0.607	0
0.608	1
0.609	1
0.610	0
0.611	0
0.612	0
0.613	0
0.614	0
0.615	0
0.616	1
0.617	1
0.618	0
0.619	0
0.620	0
0.621	0
0.622	1
0.623	1
0.624	0
0.625	0
0.626	1
0.627	0
0.628	1
0.629	0
0.630	0
0.631	1
0.632	0
0.633	0
0.634	0
0.635	0
0.636	0
0.637	0
0.638	0
0.639	1
0.640	0
0.641	0
0.642	0
0.643	0
0.644	1
0.645	1
0.646	0
0.647	0
0.648	0
0.649	0
0.650	0
0.651	0
0.652	0
0.653	0
0.654	0
0.655	0
0.656	0
0.657	1
0.658	0
0.659	1
0.660	0
0.661	0
0.662	0
0.663	0
0.664	1
0.665	0
0.666	0
0.667	0
0.668	0
0.669	0
0.670	0
0.671	0
0.672	0
0.673	1
0.674	0
0.675	0
0.676	1
0.677	0
0.678	1
0.679	0
0.680	0
0.681	0
0.682	0
0.683	0
0.684	0
0.685	0
0.686	0
0.687	0
0.688	0
0.689	0
0.690	0
0.691	1
0.692	0
0.693	0
0.694	0
0.695	0
0.696	0
0.697	0
0.698	0
0.699	0
0.700	0
0.701	0
0.702	0
0.703	0
0.704	0
0.705	0
0.706	0
0.707	1
0.708	0
0.709	0
0.710	1
0.711	1
0.712	0
0.713	0
0.714	0
0.715	0
0.716	0
0.717	0
0.718	0
0.719	1
0.720	0
0.721	0
0.722	0
0.723	0
0.724	0
0.725	0
0.726	0
0.727	0
0.728	0
0.729	0
0.730	0
0.731	0
0.732	0
0.733	0
0.734	0
0.735	0
0.736	0
0.737	0
0.738	1
0.739	0
0.740	0
0.741	0
0.742	0
0.743	0
0.744	0
0.745	0
0.746	0
0.747	0
0.748	0
0.749	0
0.750	0
0.751	0
0.752	0
0.753	1
0.754	1
0.755	0
0.756	1
0.757	1
0.758	0
0.759	0
0.760	1
0.761	0
0.762	0
0.763	0
0.764	0
0.765	0
0.766	0
0.767	0
0.768	0
0.769	0
0.770	0
0.771	0
0.772	0
0.773	0
0.774	0
0.775	0
0.776	1
0.777	0
0.778	0
0.779	1
0.780	0
0.781	0
0.782	0
0.783	0
0.784	0
0.785	1
0.786	0
0.787	0
0.788	0
0.789	0
0.790	0
0.791	0
0.792	0
0.793	0
0.794	0
0.795	0
0.796	0
0.797	0
0.798	1
0.799	0
0.800	1
0.801	1
0.802	0
0.803	0
0.804	0
0.805	0
0.806	0
0.807	0
0.808	0
0.809	0
0.810	0
0.811	0
0.812	0
0.813	0
0.814	0
0.815	0
0.816	0
0.817	0
0.818	0
0.819	0
0.820	0
0.821	0
0.822	0
0.823	1
0.824	0
0.825	0
0.826	0
0.827	0
0.828	1
0.829	0
0.830	0
0.831	0
0.832	0
0.833	0
0.834	0
0.835	0
0.836	0
0.837	1
0.838	0
0.839	0
0.840	0
0.841	0
0.842	0
0.843	1
0.844	0
0.845	0
0.846	0
0.847	0
0.848	0
0.849	0
0.850	0
0.851	0
0.852	0
0.853	1
0.854	1
0.855	0
0.856	0
0.857	1
0.858	0
0.859	0
0.860	0
0.861	1
0.862	0
0.863	0
0.864	0
0.865	1
0.866	0
0.867	1
0.868	0
0.869	0
0.870	0
0.871	1
0.872	0
0.873	0
0.874	0
0.875	0
0.876	0
0.877	0
0.878	1
0.879	0
0.880	0
0.881	0
0.882	0
0.883	0
0.884	0
0.885	0
0.886	0
0.887	0
0.888	0
0.889	1
0.890	0
0.891	0
0.892	0
0.893	0
0.894	0
0.895	0
0.896	0
0.897	0
0.898	0
0.899	0
0.900	0
0.901	0
0.902	0
0.903	0
0.904	0
0.905	0
0.906	0
0.907	0
0.908	0
0.909	0
0.910	1
0.911	0
0.912	0
0.913	0
0.914	0
0.915	0
0.916	1
0.917	0
0.918	0
0.919	0
0.920	0
0.921	0
0.922	0
0.923	1
0.924	0
0.925	0
0.926	0
0.927	0
0.928	0
0.929	0
0.930	0
0.931	1
0.932	0
0.933	1
0.934	0
0.935	0
0.936	0
0.937	0
0.938	1
0.939	0
0.940	0
0.941	0
0.942	0
0.943	1
0.944	0
0.945	0
0.946	0
0.947	1
0.948	0
0.949	0
0.950	1
0.951	1
0.952	0
0.953	0
0.954	0
0.955	0
0.956	0
0.957	0
0.958	0
0.959	0
0.960	0
0.961	0
0.962	0
0.963	0
0.964	0
0.965	0
0.966	0
0.967	0
0.968	0
0.969	0
0.970	0
0.971	0
0.972	0
0.973	0
0.974	0
0.975	0
0.976	1
0.977	0
0.978	0
0.979	0
0.980	0
0.981	0
0.982	0
0.983	0
0.984	0
0.985	0
0.986	0
0.987	0
0.988	1
0.989	0
0.990	0
0.991	0
0.992	0
0.993	0
0.994	0
0.995	0
0.996	0
0.997	0
0.998	0
0.999	0
1.000	1
1.001	0
1.002	0
1.003	0
1.004	0
1.005	0
1.006	0
1.007	0
1.008	0
1.009	0
1.010	0
1.011	0
1.012	0
1.013	0
1.014	0
1.015	1
1.016	0
1.017	0
1.018	1
1.019	0
1.020	0
1.021	0
1.022	0
1.023	0
1.024	0
1.025	0
1.026	0
1.027	0
1.028	0
1.029	0
1.030	0
1.031	0
1.032	0
1.033	0
1.034	0
1.035	0
1.036	0
1.037	1
1.038	0
1.039	0
1.040	0
1.041	0
1.042	0
1.043	0
1.044	0
1.045	0
1.046	0
1.047	0
1.048	0
1.049	1
1.050	0
1.051	1
1.052	0
1.053	0
1.054	0
1.055	0
1.056	0
1.057	0
1.058	1
1.059	0
1.060	0
1.061	0
1.062	0
1.063	0
1.064	0
1.065	0
1.066	0
1.067	0
1.068	0
1.069	0
1.070	0
1.071	0
1.072	0
1.073	0
1.074	0
1.075	0
1.076	0
1.077	0
1.078	0
1.079	0
1.080	0
1.081	0
1.082	1
1.083	0
1.084	0
1.085	0
1.086	0
1.087	0
1.088	0
1.089	0
1.090	0
1.091	0
1.092	0
1.093	0
1.094	0
1.095	1
1.096	0
1.097	0
1.098	0
1.099	0
1.100	0
1.101	0
1.102	0
1.103	0
1.104	0
1.105	0
1.106	0
1.107	0
1.108	0
1.109	0
1.110	0
1.111	0
1.112	0
1.113	0
1.114	0
1.115	0
1.116	0
1.117	0
1.118	0
1.119	0
1.120	0
1.121	0
1.122	0
1.123	0
1.124	0
1.125	0
1.126	0
1.127	0
1.128	0
1.129	0
1.130	0
1.131	1
1.132	0
1.133	1
1.134	0
1.135	0
1.136	0
1.137	0
1.138	0
1.139	0
1.140	0
1.141	0
1.142	0
1.143	0
1.144	0
1.145	0
1.146	0
1.147	1
1.148	0
1.149	0
1.150	0
1.151	0
1.152	0
1.153	1
1.154	0
1.155	0
1.156	0
1.157	0
1.158	0
1.159	0
1.160	0
1.161	0
1.162	0
1.163	0
1.164	0
1.165	0
1.166	0
1.167	0
1.168	0
1.169	0
1.170	0
1.171	0
1.172	0
1.173	0
1.174	0
1.175	0
1.176	0
1.177	0
1.178	0
1.179	0
1.180	0
1.181	0
1.182	0
1.183	0
1.184	1
1.185	0
1.186	0
1.187	0
1.188	0
1.189	0
1.190	0
1.191	0
1.192	0
1.193	1
1.194	0
1.195	0
1.196	0
1.197	0
1.198	0
1.199	0
1.200	0
1.201	0
1.202	1
1.203	0
1.204	0
1.205	0
1.206	0
1.207	0
1.208	0
1.209	0
1.210	0
1.211	1
1.212	0
1.213	0
1.214	0
1.215	0
1.216	1
1.217	0
1.218	0
1.219	0
1.220	0
1.221	0
1.222	0
1.223	0
1.224	0
1.225	0
1.226	0
1.227	0
1.228	0
1.229	0
1.230	0
1.231	0
1.232	0
1.233	0
1.234	0
1.235	0
1.236	1
1.237	1
1.238	0
1.239	0
1.240	0
1.241	0
1.242	0
1.243	0
1.244	0
1.245	0
1.246	0
1.247	0
1.248	0
1.249	0
1.250	0
1.251	0
1.252	0
1.253	0
1.254	0
1.255	0
1.256	0
1.257	0
1.258	0
1.259	0
1.260	0
1.261	0
1.262	0
1.263	0
1.264	0
1.265	0
1.266	0
1.267	0
1.268	0
1.269	0
1.270	0
1.271	0
1.272	0
1.273	0
1.274	0
1.275	0
1.276	0
1.277	0
1.278	0
1.279	0
1.280	0
1.281	0
1.282	0
1.283	0
1.284	0
1.285	0
1.286	0
1.287	0
1.288	0
1.289	0
1.290	0
1.291	0
1.292	0
1.293	0
1.294	0
1.295	0
1.296	0
1.297	0
1.298	0
1.299	0
1.300	0
1.301	0
1.302	0
1.303	0
1.304	0
1.305	0
1.306	0
1.307	0
1.308	0
1.309	0
1.310	0
1.311	0
1.312	0
1.313	0
1.314	0
1.315	0
1.316	0
1.317	0
1.318	0
1.319	0
1.320	0
1.321	0
1.322	0
1.323	0
1.324	0
1.325	0
1.326	0
1.327	0
1.328	0
1.329	0
1.330	0
1.331	0
1.332	0
1.334	0
1.335	0
1.336	0
1.337	0
1.338	0
1.339	0
1.340	0
1.341	0
1.342	0
1.343	0
1.344	0
1.345	0
1.346	0
1.347	0
1.348	0
1.349	0
1.350	0
1.351	0
1.352	0
1.353	0
1.354	0
1.355	0
1.356	0
1.357	0
1.358	0
1.359	0
1.360	0
1.361	0
1.362	0
1.363	0
1.364	0
1.365	0
1.366	0
1.367	0
1.368	0
1.369	0
1.370	0
1.371	0
1.372	0
1.373	0
1.374	0
1.375	0
1.376	0
1.377	0
1.378	0
1.379	0
1.380	0
1.381	0
1.382	0
1.383	0
1.384	0
1.385	0
1.386	0
1.387	0
1.388	0
1.389	0
1.390	0
1.391	0
1.392	0
1.393	0
1.394	0
1.395	0
1.396	0
1.397	0
1.398	0
1.399	0
1.400	0
1.401	0
1.402	0
1.403	0
1.404	0
1.405	0
1.406	0
1.407	0
1.408	0
1.409	0
1.410	0
1.411	0
1.412	0
1.413	0
1.414	0
1.415	0
1.416	0
1.417	0
1.418	0
1.419	0
1.420	0
1.421	0
1.422	0
1.423	0
1.424	0
1.425	0
1.426	0
1.427	0
1.428	0
1.429	0
1.430	0
1.431	0
1.432	0
1.433	0
1.434	0
1.435	0
1.436	0
1.437	0
1.438	0
1.439	0
1.440	0
1.441	0
1.442	0
1.443	0
1.444	0
1.445	0
1.446	0
1.447	0
1.448	0
1.449	0
1.450	0
1.451	0
1.452	0
1.453	0
1.454	0
1.455	0
1.456	0
1.457	0
1.458	0
1.459	0
1.460	0
1.461	0
1.462	83
1.463	0
1.464	0
1.465	0
1.466	0
1.467	0
1.468	0
1.469	0
1.470	0
1.471	0
1.472	0
1.473	0
1.474	0
1.475	0
1.476	0
1.477	0
1.478	0
1.479	0
1.480	0
1.481	0
1.482	0
1.483	0
1.484	0
1.485	0
1.486	0
1.487	0
1.488	0
1.489	0
1.490	0
1.491	0
1.492	0
1.493	0
1.494	0
1.495	0
1.496	0
1.497	0
1.498	0
1.499	0
1.500	0
1.501	0
1.502	0
1.503	0
1.504	0
1.505	0
1.506	0
1.507	0
1.508	0
1.509	0
1.510	0
1.511	0
1.512	0
1.513	0
1.514	0
1.515	0
1.516	0
1.517	0
1.518	0
1.519	0
1.520	0
1.521	0
1.522	0
1.523	0
1.524	0
1.525	0
1.526	0
1.527	0
1.528	0
1.529	0
1.530	0
1.531	0
1.532	0
1.533	0
1.534	0
1.535	0
1.536	0
1.537	0
1.538	0
1.539	0
1.540	0
1.541	0
1.542	0
1.543	0
1.544	0
1.545	0
1.546	0
1.547	0
1.548	0
1.549	0
1.550	0
1.551	0
1.552	0
1.553	0
1.554	0
1.555	0
1.556	0
1.557	0
1.558	0
1.559	0
1.560	0
1.561	0
1.562	0
1.563	0
1.564	0
1.565	0
1.566	0
1.567	0
1.568	0
1.569	0
1.570	0
1.571	0
1.572	0
1.573	0
1.574	0
1.575	0
1.576	0
1.577	0
1.578	0
1.579	0
1.580	0
1.581	0
1.582	0
1.583	0
1.584	0
1.585	0
1.586	0
1.587	0
1.588	0
1.589	0
1.590	0
1.591	0
1.592	0
1.593	0
1.594	0
1.595	0
1.596	0
1.597	0
1.598	0
1.599	0
1.600	0
1.601	0
1.602	0
1.603	0
1.604	0
1.605	0
1.606	0
1.607	0
1.608	0
1.609	0
1.610	0
1.611	0
1.612	0
1.613	0
1.614	0
1.615	0
1.616	0
1.617	0
1.618	0
1.619	0
1.620	0
1.621	0
1.622	0
1.623	0
1.624	0
1.625	0
1.626	0
1.627	0
1.628	0
1.629	0
1.630	0
1.631	0
1.632	0
1.633	0
1.634	0
1.635	0
1.636	0
1.637	0
1.638	0
1.639	0
1.640	0
1.641	0
1.642	0
1.643	0
1.644	0
1.645	0
1.646	0
1.647	0
1.648	0
1.649	0
1.650	0
1.651	0
1.652	0
1.653	0
1.654	0
1.655	0
1.656	0
1.657	0
1.658	0
1.659	0
1.660	0
1.661	0
1.662	0
1.663	0
1.664	0
1.665	0
1.666	0
1.667	0
1.668	0
1.669	0
1.670	0
1.671	0
1.672	0
1.673	0
1.674	0
1.675	0
1.676	0
1.677	0
1.678	0
1.679	0
1.680	0
1.681	0
1.682	0
1.683	0
1.684	0
1.685	0
1.686	0
1.687	0
1.688	0
1.689	0
1.690	0
1.691	0
1.692	0
1.693	0
1.694	0
1.695	0
1.696	0
1.697	0
1.698	0
1.699	0
1.700	0
1.701	0
1.702	0
1.703	0
1.704	0
1.705	0
1.706	0
1.707	0
1.708	0
1.709	0
1.710	0
1.711	0
1.712	0
1.713	0
1.714	0
1.715	0
1.716	0
1.717	0
1.718	0
1.719	0
1.720	0
1.721	0
1.722	0
1.723	0
1.724	0
1.725	0
1.726	0
1.727	0
1.728	0
1.729	0
1.730	0
1.731	0
1.732	0
1.733	0
1.734	0
1.735	0
1.736	0
1.737	0
1.738	0
1.739	0
1.740	0
1.741	0
1.742	0
1.743	0
1.744	0
1.745	0
1.746	0
1.747	0
1.748	0
1.749	0
1.750	0
1.751	0
1.752	0
1.753	0
1.754	0
1.755	0
1.756	0
1.757	0
1.758	0
1.759	0
1.760	0
1.761	0
1.762	0
1.763	0
1.764	0
1.765	0
1.766	0
1.767	0
1.768	0
1.769	0
1.770	0
1.771	0
1.772	0
1.773	0
1.774	0
1.775	0
1.776	0
1.777	0
1.778	0
1.779	0
1.780	0
1.781	0
1.782	0
1.783	0
1.784	0
1.785	0
1.786	0
1.787	0
1.788	0
1.789	0
1.790	0
1.791	0
1.792	0
1.793	0
1.794	0
1.795	0
1.796	0
1.797	0
1.798	0
1.799	0
1.800	0
1.801	0
1.802	0
1.803	0
1.804	0
1.805	0
1.806	0
1.807	0
1.808	0
1.809	0
1.810	0
1.811	0
1.812	0
1.813	0
1.814	0
1.815	0
1.816	0
1.817	0
1.818	0
1.819	0
1.820	0
1.821	0
1.822	0
1.823	0
1.824	0
1.825	0
1.826	0
1.827	0
1.828	0
1.829	0
1.830	0
1.831	0
1.832	0
1.833	0
1.834	0
1.835	0
1.836	0
1.837	0
1.838	0
1.839	0
1.840	0
1.841	0
1.842	0
1.843	0
1.844	0
1.845	0
1.846	0
1.847	0
1.848	0
1.849	0
1.850	0
1.851	0
1.852	0
1.853	0
1.854	0
1.855	0
1.856	0
1.857	0
1.858	0
1.859	0
1.860	0
1.861	0
1.862	0
1.863	0
1.864	0
1.865	0
1.866	0
1.867	0
1.868	0
1.869	0
1.870	0
1.871	0
1.872	0
1.873	0
1.874	0
1.875	0
1.876	0
1.877	0
1.878	0
1.879	0
1.880	0
1.881	0
1.882	0
1.883	0
1.884	0
1.885	0
1.886	0
1.887	0
1.888	0
1.889	0
1.890	0
1.891	0
1.892	0
1.893	0
1.894	0
1.895	0
1.896	0
1.897	0
1.898	0
1.899	0
1.900	0
1.901	0
1.902	0
1.903	0
1.904	0
1.905	0
1.906	0
1.907	0
1.908	0
1.909	0
1.910	0
1.911	0
1.912	0
1.913	0
1.914	0
1.915	0
1.916	0
1.917	0
1.918	0
1.919	0
1.920	0
1.921	0
1.922	0
1.923	0
1.924	0
1.925	0
1.926	0
1.927	0
1.928	0
1.929	0
1.930	0
1.931	0
1.932	0
1.933	0
1.934	0
1.935	0
1.936	0
1.937	0
1.938	0
1.939	0
1.940	0
1.941	0
1.942	0
1.943	0
1.944	0
1.945	0
1.946	0
1.947	0
1.948	0
1.949	0
1.950	0
1.951	0
1.952	0
1.953	0
1.954	0
1.955	0
1.956	0
1.957	0
1.958	0
1.959	0
1.960	0
1.961	0
1.962	0
1.963	0
1.964	0
1.965	0
1.966	0
1.967	0
1.968	0
1.969	0
1.970	0
1.971	0
1.972	0
1.973	0
1.974	0
1.975	0
1.976	0
1.977	0
1.978	0
1.979	0
1.980	0
1.981	0
1.982	0
1.983	0
1.984	0
1.985	0
1.986	0
1.987	0
1.988	0
1.989	0
1.990	0
1.991	0
1.992	0
1.993	0
1.994	0
1.995	0
1.996	0
1.997	0
1.998	0
1.999	0
2.000	0
2.001	0
2.002	0
2.003	0
2.004	0
2.005	0
2.006	0
2.007	0
2.008	0
2.009	0
2.010	0
2.011	0
2.012	0
2.013	0
2.014	0
2.015	0
2.016	0
2.017	0
2.018	0
2.019	0
2.020	0
2.021	0
2.022	0
2.023	0
2.024	0
2.025	0
2.026	0
2.027	0
2.028	0
2.029	0
2.030	0
2.031	0
2.032	0
2.033	0
2.034	0
2.035	0
2.036	0
2.037	0
2.038	0
2.039	0
2.040	0
2.041	0
2.042	0
2.043	0
2.044	0
2.045	0
2.046	0
2.047	0
2.048	0
2.049	0
2.050	0
2.051	0
2.052	0
2.053	0
2.054	0
2.055	0
2.056	0
2.057	0
2.058	0
2.059	0
2.060	0
2.061	0
2.062	0
2.063	0
2.064	0
2.065	0
2.066	0
2.067	0
2.068	0
2.069	0
2.070	0
2.071	0
2.072	0
2.073	0
2.074	0
2.075	0
2.076	0
2.077	0
2.078	0
2.079	0
2.080	0
2.081	0
2.082	0
2.083	0
2.084	0
2.085	0
2.086	0
2.087	0
2.088	0
2.089	0
2.090	0
2.091	0
2.092	0
2.093	0
2.094	0
2.095	0
2.096	0
2.097	0
2.098	0
2.099	0
2.100	0
2.101	0
2.102	0
2.103	0
2.104	0
2.105	0
2.106	0
2.107	0
2.108	0
2.109	0
2.110	0
2.111	0
2.112	0
2.113	0
2.114	0
2.115	0
2.116	0
2.117	0
2.118	0
2.119	0
2.120	0
2.121	0
2.122	0
2.123	0
2.124	0
2.125	0
2.126	0
2.127	0
2.128	0
2.129	0
2.130	0
2.131	0
2.132	0
2.133	0
2.134	0
2.135	0
2.136	0
2.137	0
2.138	0
2.139	0
2.140	0
2.141	0
2.142	0
2.143	0
2.144	0
2.145	0
2.146	0
2.147	0
2.148	0
2.149	0
2.150	0
2.151	0
2.152	0
2.153	0
2.154	0
2.155	0
2.156	0
2.157	0
2.158	0
2.159	0
2.160	0
2.161	0
2.162	0
2.163	0
2.164	0
2.165	0
2.166	0
2.167	0
2.168	0
2.169	0
2.170	0
2.171	0
2.172	0
2.173	0
2.174	0
2.175	0
2.176	0
2.177	0
2.178	0
2.179	0
2.180	0
2.181	0
2.182	0
2.183	0
2.184	0
2.185	0
2.186	0
2.187	0
2.188	0
2.189	0
2.190	0
2.191	0
2.192	0
2.193	0
2.194	0
2.195	0
2.196	0
2.197	0
2.198	0
2.199	0
2.200	0
2.201	0
2.202	0
2.203	0
2.204	0
2.205	0
2.206	0
2.207	0
2.208	0
2.209	0
2.210	0
2.211	0
2.212	0
2.213	0
2.214	0
2.215	0
2.216	0
2.217	0
2.218	0
2.219	0
2.220	0
2.221	0
2.222	0
2.223	0
2.224	0
2.225	0
2.226	0
2.227	0
2.228	0
2.229	0
2.230	0
2.231	0
2.232	0
2.233	0
2.234	0
2.235	0
2.236	0
2.237	0
2.238	0
2.239	0
2.240	0
2.241	0
2.242	0
2.243	0
2.244	0
2.245	0
2.246	0
2.247	0
2.248	0
2.249	0
2.250	0
2.251	0
2.252	0
2.253	0
2.254	0
2.255	0
2.256	0
2.257	0
2.258	0
2.259	0
2.260	0
2.261	0
2.262	0
2.263	0
2.264	0
2.265	0
2.266	0
2.267	0
2.268	0
2.269	0
2.270	0
2.271	0
2.272	0
2.273	0
2.274	0
2.275	0
2.276	0
2.277	0
2.278	0
2.279	0
2.280	0
2.281	0
2.282	0
2.283	0
2.284	0
2.285	0
2.286	0
2.287	0
2.288	0
2.289	0
2.290	0
2.291	0
2.292	0
2.293	0
2.294	0
2.295	0
2.296	0
2.297	0
2.298	0
2.299	0
2.300	0
2.301	0
2.302	0
2.303	0
2.304	0
2.305	0
2.306	0
2.307	0
2.308	0
2.309	0
2.310	0
2.311	0
2.312	0
2.313	0
2.314	0
2.315	0
2.316	0
2.317	0
2.318	0
2.319	0
2.320	0
2.321	0
2.322	0
2.323	0
2.324	0
2.325	0
2.326	0
2.327	0
2.328	0
2.329	0
2.330	0
2.331	0
2.332	0
2.333	0
2.334	0
2.335	0
2.336	0
2.337	0
2.338	0
2.339	0
2.340	0
2.341	0
2.342	0
2.343	0
2.344	0
2.345	0
2.346	0
2.347	0
2.348	0
2.349	0
2.350	0
2.351	0
2.352	0
2.353	0
2.354	0
2.355	0
2.356	0
2.357	0
2.358	0
2.359	0
2.360	0
2.361	0
2.362	0
2.363	0
2.364	0
2.365	0
2.366	0
2.367	0
2.368	0
2.369	0
2.370	0
2.371	0
2.372	0
2.373	0
2.374	0
2.375	0
2.376	0
2.377	0
2.378	0
2.379	0
2.380	0
2.381	0
2.382	0
2.383	0
2.384	0
2.385	0
2.386	0
2.387	0
2.388	0
2.389	0
2.390	0
2.391	0
2.392	0
2.393	0
2.394	0
2.395	0
2.396	0
2.397	0
2.398	0
2.399	0
2.400	0
2.401	0
2.402	0
2.403	0
2.404	0
2.405	0
2.406	0
2.407	0
2.408	0
2.409	0
2.410	0
2.411	0
2.412	0
2.413	0
2.414	0
2.415	0
2.416	0
2.417	0
2.418	0
2.419	0
2.420	0
2.421	0
2.422	0
2.423	0
2.424	0
2.425	0
2.426	0
2.427	0
2.428	0
2.429	0
2.430	0
2.431	0
2.432	0
2.433	0
2.434	0
2.435	0
2.436	0
2.437	0
2.438	0
2.439	0
2.440	0
2.441	0
2.442	0
2.443	0
2.444	0
2.445	0
2.446	0
2.447	0
2.448	0
2.449	0
2.450	0
2.451	0
2.452	0
2.453	0
2.454	0
2.455	0
2.456	0
2.457	0
2.458	0
2.459	0
2.460	0
2.461	0
2.462	0
2.463	0
2.464	0
2.465	0
2.466	0
2.467	0
2.468	0
2.469	0
2.470	0
2.471	0
2.472	0
2.473	0
2.474	0
2.475	0
2.476	0
2.477	0
2.478	0
2.479	0
2.480	0
2.481	0
2.482	0
2.483	0
2.484	0
2.485	0
2.486	0
2.487	0
2.488	0
2.489	0
2.490	0
2.491	0
2.492	0
2.493	0
2.494	0
2.495	0
2.496	0
2.497	0
2.498	0
2.499	0
2.500	0
2.501	0
2.502	0
2.503	0
2.504	0
2.505	0
2.506	0
2.507	0
2.508	0
2.509	0
2.510	0
2.511	0
2.512	0
2.513	0
2.514	0
2.515	0
2.516	0
2.517	0
2.518	0
2.519	0
2.520	0
2.521	0
2.522	0
2.523	0
2.524	0
2.525	0
2.526	0
2.527	0
2.528	0
2.529	0
2.530	0
2.531	0
2.532	0
2.533	0
2.534	0
2.535	0
2.536	0
2.537	0
2.538	0
2.539	0
2.540	0
2.541	0
2.542	0
2.543	0
2.544	0
2.545	0
2.546	0
2.547	0
2.548	0
2.549	0
2.550	0
2.551	0
2.552	0
2.553	0
2.554	0
2.555	0
2.556	0
2.557	0
2.558	0
2.559	0
2.560	0
2.561	0
2.562	0
2.563	0
2.564	0
2.565	0
2.566	0
2.567	0
2.568	0
2.569	0
2.570	0
2.571	0
2.572	0
2.573	0
2.574	0
2.575	0
2.576	0
2.577	0
2.578	0
2.579	0
2.580	0
2.581	0
2.582	0
2.583	0
2.584	0
2.585	0
2.586	0
2.587	0
2.588	0
2.589	0
2.590	0
2.591	0
2.592	0
2.593	0
2.594	0
2.595	0
2.596	0
2.597	0
2.598	0
2.599	0
2.600	0
2.601	0
2.602	0
2.603	0
2.604	0
2.605	0
2.606	0
2.607	0
2.608	0
2.609	0
2.610	0
2.611	0
2.612	0
2.613	0
2.614	0
2.615	0
2.616	0
2.617	0
2.618	0
2.619	0
2.620	0
2.621	0
2.622	0
2.623	0
2.624	0
2.625	0
2.626	0
2.627	0
2.628	0
2.629	0
2.630	0
2.631	0
2.632	0
2.633	0
2.634	0
2.635	0
2.636	0
2.637	0
2.638	0
2.639	0
2.640	0
2.641	0
2.642	0
2.643	0
2.644	0
2.645	0
2.646	0
2.647	0
2.648	0
2.649	0
2.650	0
2.651	0
2.652	0
2.653	0
2.654	0
2.655	0
2.656	0
2.657	0
2.658	0
2.659	0
2.660	0
2.661	0
2.662	0
2.663	0
2.664	0
2.665	0
2.666	0
2.667	0
2.668	0
2.669	0
2.670	0
2.671	0
2.672	0
2.673	0
2.674	0
2.675	0
2.676	0
2.677	0
2.678	0
2.679	0
2.680	0
2.681	0
2.682	0
2.683	0
2.684	0
2.685	0
2.686	0
2.687	0
2.688	0
2.689	0
2.690	0
2.691	0
2.692	0
2.693	0
2.694	0
2.695	0
2.696	0
2.697	0
2.698	0
2.699	0
2.700	0
2.701	0
2.702	0
2.703	0
2.704	0
2.705	0
2.706	0
2.707	0
2.708	0
2.709	0
2.710	0
2.711	0
2.712	0
2.713	0
2.714	0
2.715	0
2.716	0
2.717	0
2.718	0
2.719	0
2.720	0
2.721	0
2.722	0
2.723	0
2.724	0
2.725	0
2.726	0
2.727	0
2.728	0
2.729	0
2.730	0
2.731	0
2.732	0
2.733	0
2.734	0
2.735	0
2.736	0
2.737	0
2.738	0
2.739	0
2.740	0
2.741	0
2.742	0
2.743	0
2.744	0
2.745	0
2.746	0
2.747	0
2.748	0
2.749	0
2.750	0
2.751	0
2.752	0
2.753	0
2.754	0
2.755	0
2.756	0
2.757	0
2.758	0
2.759	0
2.760	0
2.761	0
2.762	0
2.763	0
2.764	0
2.765	0
2.766	0
2.767	0
2.768	0
2.769	0
2.770	0
2.771	0
2.772	0
2.773	0
2.774	0
2.775	0
2.776	0
2.777	0
2.778	0
2.779	0
2.780	0
2.781	0
2.782	0
2.783	0
2.784	0
2.785	0
2.786	0
2.787	0
2.788	0
2.789	0
2.790	0
2.791	0
2.792	0
2.793	0
2.794	0
2.795	0
2.796	0
2.797	0
2.798	0
2.799	0
2.800	0
2.801	0
2.802	0
2.803	0
2.804	0
2.805	0
2.806	0
2.807	0
2.808	0
2.809	0
2.810	0
2.811	0
2.812	0
2.813	0
2.814	0
2.815	0
2.816	0
2.817	0
2.818	0
2.819	0
2.820	0
2.821	0
2.822	0
2.823	0
2.824	0
2.825	0
2.826	0
2.827	0
2.828	0
2.829	0
2.830	0
2.831	0
2.832	0
2.833	0
2.834	0
2.835	0
2.836	0
2.837	0
2.838	0
2.839	0
2.840	0
2.841	0
2.842	0
2.843	0
2.844	0
2.845	0
2.846	0
2.847	0
2.848	0
2.849	0
2.850	0
2.851	0
2.852	0
2.853	0
2.854	0
2.855	0
2.856	0
2.857	0
2.858	0
2.859	0
2.860	0
2.861	0
2.862	0
2.863	0
2.864	0
2.865	0
2.866	0
2.867	0
2.868	0
2.869	0
2.870	0
2.871	0
2.872	0
2.873	0
2.874	0
2.875	0
2.876	0
2.877	0
2.878	0
2.879	0
2.880	0
2.881	0
2.882	0
2.883	0
2.884	0
2.885	0
2.886	0
2.887	0
2.888	0
2.889	0
2.890	0
2.891	0
2.892	0
2.893	0
2.894	0
2.895	0
2.896	0
2.897	0
2.898	0
2.899	0
2.900	0
2.901	0
2.902	0
2.903	0
2.904	0
2.905	0
2.906	0
2.907	0
2.908	0
2.909	0
2.910	0
2.911	0
2.912	0
2.913	0
2.914	0
2.915	0
2.916	0
2.917	0
2.918	0
2.919	0
2.920	0
2.921	0
2.922	0
2.923	0
2.924	0
2.925	0
2.926	0
2.927	0
2.928	0
2.929	0
2.930	0
2.931	0
2.932	0
2.933	0
2.934	0
2.935	0
2.936	0
2.937	0
2.938	0
2.939	0
2.940	0
2.941	0
2.942	0
2.943	0
2.944	0
2.945	0
2.946	0
2.947	0
2.948	0
2.949	0
2.950	0
2.951	0
2.952	0
2.953	0
2.954	0
2.955	0
2.956	0
2.957	0
2.958	0
2.959	0
2.960	0
2.961	0
2.962	0
2.963	0
2.964	0
2.965	0
2.966	0
2.967	0
2.968	0
2.969	0
2.970	0
2.971	0
2.972	0
2.973	0
2.974	0
2.975	0
2.976	0
2.977	0
2.978	0
2.979	0
2.980	0
2.981	0
2.982	0
2.983	0
2.984	0
2.985	0
2.986	0
2.987	0
2.988	0
2.989	0
2.990	0
2.991	0
2.992	0
2.993	0
2.994	0
2.995	0
2.996	0
2.997	0
2.998	0
2.999	0
3.000	0
