           1       35.459999999999994   2.192071780654683E-110
           2       38.049999999999997   1.361573445434007E-105
           3       40.640000000000001   1.564917683422475E-101
           4       43.229999999999997   2.900640515311958E-096
           5       45.819999999999993   1.784811241973803E-091
           6       48.409999999999997   3.370774874145784E-086
           7       51.000000000000000   4.082822676717527E-080
           8       53.589999999999996   8.387972957482492E-075
           9       56.179999999999993   3.432668648207006E-067
          10       58.769999999999996   1.453438925626577E-060
          11       61.359999999999999   3.917604797379895E-047
          12       63.949999999999996   5.327328658657135E-026
          13       66.539999999999992   2.869722101244324E-014
          14       69.129999999999995   6.225991810158379E-004
          15       71.719999999999999        2.911358548839614
          16       74.310000000000002       28.521129673110725
          17       76.900000000000006       28.011705586993816
          18       79.489999999999995       28.463440523881772
          19       82.079999999999984       28.153533806811950
          20       84.669999999999987       25.792922788218988
          21       87.259999999999991       23.991464646091231
          22       89.849999999999994       23.725331460664933
          23       92.439999999999998       22.514916151683423
          24       95.030000000000001       21.966797963620962
          25       97.620000000000005       21.944906446818209
          26      100.210000000000008       21.166497577348480
          27      102.799999999999983       20.325011170535788
          28      105.389999999999986       19.860716607179313
          29      107.979999999999990       19.574163735987554
          30      110.569999999999993       19.238867460331619
          31      113.159999999999997       18.861768609336025
          32      115.750000000000000       18.472185236561074
          33      118.340000000000003       17.649107963669906
          34      120.930000000000007       16.486367022833520
          35      123.519999999999982       15.429926790807258
          36      126.109999999999985       14.755823811876724
          37      128.699999999999989       14.346940687147253
          38      131.289999999999992       14.204526572355803
          39      133.879999999999995       14.247490065968861
          40      136.469999999999999       14.211462889415941
          41      139.060000000000002       13.913580897993143
          42      141.650000000000006       13.405328209632103
          43      144.239999999999981       12.827147284726152
          44      146.829999999999984       12.321102559762494
          45      149.419999999999987       11.901503145808078
          46      152.009999999999991       11.639326473547499
          47      154.599999999999994       11.462524636256035
          48      157.189999999999998       11.268263458605702
          49      159.780000000000001       10.987240218702937
          50      162.370000000000005       10.603296177597485
          51      164.960000000000008       10.234292837678822
          52      167.550000000000011        9.904150877919051
          53      170.139999999999986        9.645772030156763
          54      172.729999999999990        9.447700802299551
          55      175.319999999999993        9.293340217415334
          56      177.909999999999997        9.188566163581640
          57      180.500000000000000        9.103425607335566
          58      183.090000000000003        9.014483331698557
          59      185.680000000000007        8.892287382068730
          60      188.269999999999982        8.715319369423355
          61      190.859999999999985        8.501027780981076
          62      193.449999999999989        8.246844601647012
          63      196.039999999999992        7.999673885941206
          64      198.629999999999995        7.764630215490456
          65      201.219999999999999        7.547503036144462
          66      203.810000000000002        7.353315970103267
          67      206.400000000000006        7.160498800831647
          68      208.990000000000009        6.996478690988511
          69      211.579999999999984        6.857657663559507
          70      214.169999999999987        6.756527823323950
          71      216.759999999999991        6.686579148952887
          72      219.349999999999994        6.624715508237841
          73      221.939999999999998        6.557420942497743
          74      224.530000000000001        6.467127015989035
          75      227.120000000000005        6.359700034975731
          76      229.709999999999980        6.247051711518225
          77      232.299999999999983        6.137750602857295
          78      234.889999999999986        6.049855588385526
          79      237.479999999999990        5.976761256024133
          80      240.069999999999993        5.921186818148044
          81      242.659999999999997        5.874155778418867
          82      245.250000000000000        5.828749763733640
          83      247.840000000000003        5.781694174404606
          84      250.430000000000007        5.721918927457864
          85      253.019999999999982        5.649080337274313
          86      255.609999999999985        5.554957147009304
          87      258.199999999999989        5.438328490377558
          88      260.789999999999964        5.309071530957112
          89      263.379999999999995        5.162393747048441
          90      265.969999999999970        5.026230107635570
          91      268.560000000000002        4.896935198462984
          92      271.149999999999977        4.786735220996093
          93      273.739999999999952        4.696750607453055
          94      276.329999999999984        4.617794075199299
          95      278.919999999999959        4.550013643034504
          96      281.509999999999991        4.477860542814028
          97      284.099999999999966        4.398223207260685
          98      286.689999999999998        4.305620799722192
          99      289.279999999999973        4.194656082047914
         100      291.870000000000005        4.076665951060022
         101      294.459999999999980        3.945422837945671
         102      297.050000000000011        3.818371186943978
         103      299.639999999999986        3.696017999789547
         104      302.230000000000018        3.583880360304761
         105      304.819999999999993        3.491292853713276
         106      307.409999999999968        3.412194446828948
         107      310.000000000000000        3.355717491373639
         108      312.589999999999975        3.315383859699182
         109      315.180000000000007        3.291261683804350
         110      317.769999999999982        3.280010024939997
         111      320.360000000000014        3.277334107429624
         112      322.949999999999989        3.279041037285424
         113      325.539999999999964        3.280576134091689
         114      328.129999999999995        3.277851080368237
         115      330.719999999999970        3.268320567480828
         116      333.310000000000002        3.249336106496116
         117      335.899999999999977        3.222519794062578
         118      338.490000000000009        3.186188781143528
         119      341.079999999999984        3.143999948016472
         120      343.669999999999959        3.096891443702134
         121      346.259999999999991        3.045312877487049
         122      348.849999999999966        2.994595102462881
         123      351.439999999999998        2.941451499522373
         124      354.029999999999973        2.892256175599186
         125      356.620000000000005        2.844999010901802
         126      359.209999999999980        2.800809883400689
         127      361.800000000000011        2.761457404110615
         128      364.389999999999986        2.722663452502047
         129      366.979999999999961        2.687716795584265
         130      369.569999999999993        2.651882233204788
         131      372.159999999999968        2.615021716034789
         132      374.750000000000000        2.576869671304848
         133      377.339999999999975        2.534077566742326
         134      379.930000000000007        2.491392842470304
         135      382.519999999999982        2.445732051001414
         136      385.110000000000014        2.401348638532681
         137      387.699999999999989        2.359415817790023
         138      390.289999999999964        2.320041106019517
         139      392.879999999999995        2.287474890719750
         140      395.469999999999970        2.259225637913005
         141      398.060000000000002        2.237817213692097
         142      400.649999999999977        2.221523953586939
         143      403.240000000000009        2.209709535879711
         144      405.829999999999984        2.201861058897748
         145      408.419999999999959        2.196345810785033
         146      411.009999999999991        2.192855407509569
         147      413.599999999999966        2.190194457717325
         148      416.189999999999998        2.187641956195193
         149      418.779999999999973        2.184479384857468
         150      421.370000000000005        2.179405969638083
         151      423.959999999999980        2.172062824430213
         152      426.549999999999955        2.160839012358338
         153      429.139999999999986        2.145155514734370
         154      431.729999999999961        2.124756658495016
         155      434.319999999999993        2.097714471502741
         156      436.909999999999968        2.066720862110969
         157      439.500000000000000        2.029339244679477
         158      442.089999999999975        1.988723852736484
         159      444.680000000000007        1.945268549037564
         160      447.269999999999982        1.898687236615842
         161      449.859999999999957        1.853538899343903
         162      452.449999999999989        1.806388788317008
         163      455.039999999999964        1.762079219630323
         164      457.629999999999995        1.718436869068000
         165      460.219999999999970        1.675541313924441
         166      462.810000000000002        1.635257109880740
         167      465.399999999999977        1.593378349847171
         168      467.990000000000009        1.554289779379360
         169      470.579999999999984        1.514541173097086
         170      473.169999999999959        1.475597202307199
         171      475.759999999999991        1.438820503225543
         172      478.349999999999966        1.402164928795401
         173      480.939999999999998        1.370337006058890
         174      483.529999999999973        1.340982001827797
         175      486.120000000000005        1.316639318546549
         176      488.709999999999980        1.297345819631119
         177      491.299999999999955        1.282617569591366
         178      493.889999999999986        1.273370643074031
         179      496.479999999999961        1.268135096858714
         180      499.069999999999993        1.266683230208173
         181      501.659999999999968        1.267789870423030
         182      504.250000000000000        1.270558368594720
         183      506.839999999999975        1.273709678866680
         184      509.429999999999950        1.276516323907344
         185      512.019999999999982        1.277732237444297
         186      514.609999999999900        1.276739810279423
         187      517.199999999999932        1.272686392860123
         188      519.789999999999964        1.265464511138589
         189      522.379999999999995        1.253723184490582
         190      524.969999999999914        1.238619590509416
         191      527.559999999999945        1.218969638926865
         192      530.149999999999977        1.195445032137513
         193      532.739999999999895        1.168991290255690
         194      535.329999999999927        1.138136642890913
         195      537.919999999999959        1.106683277647335
         196      540.509999999999991        1.072415060927142
         197      543.099999999999909        1.038419859239184
         198      545.689999999999941        1.005053432746536
         199      548.279999999999973   9.721673165943230E-001
         200      550.870000000000005   9.432010289881418E-001
         201      553.459999999999923   9.162423390323511E-001
         202      556.049999999999955   8.945404030896498E-001
         203      558.639999999999986   8.774035085555170E-001
         204      561.230000000000018   8.656284976673305E-001
         205      563.819999999999936   8.598318262008888E-001
         206      566.409999999999968   8.597222608277661E-001
         207      569.000000000000000   8.652031850663207E-001
         208      571.590000000000032   8.758197226839002E-001
         209      574.179999999999950   8.909019827108295E-001
         210      576.769999999999982   9.087072319859999E-001
         211      579.360000000000014   9.297205389239025E-001
         212      581.949999999999932   9.502519124473565E-001
         213      584.539999999999964   9.709336914067990E-001
         214      587.129999999999995   9.893222105342829E-001
         215      589.720000000000027        1.004372404930109
         216      592.309999999999945        1.015716640178198
         217      594.899999999999977        1.021710995558351
         218      597.490000000000009        1.022631623502093
         219      600.079999999999927        1.018034165908148
         220      602.669999999999959        1.008345359894292
         221      605.259999999999991   9.933576131800237E-001
         222      607.850000000000023   9.749042388780254E-001
         223      610.439999999999941   9.517940803791589E-001
         224      613.029999999999973   9.268253725138038E-001
         225      615.620000000000005   8.994431381242975E-001
         226      618.209999999999923   8.703398911784461E-001
         227      620.799999999999955   8.415493022525879E-001
         228      623.389999999999986   8.107064218040705E-001
         229      625.980000000000018   7.817631854175033E-001
         230      628.569999999999936   7.523552174413908E-001
         231      631.159999999999968   7.237886535349389E-001
         232      633.750000000000000   6.967427383481208E-001
         233      636.339999999999918   6.694287559830627E-001
         234      638.929999999999950   6.447518602697073E-001
         235      641.519999999999982   6.203307422524631E-001
         236      644.110000000000014   5.977774268321809E-001
         237      646.699999999999932   5.767571090123056E-001
         238      649.289999999999964   5.565269461558273E-001
         239      651.879999999999995   5.386315968376039E-001
         240      654.469999999999914   5.212476455692467E-001
         241      657.059999999999945   5.057386699195376E-001
         242      659.649999999999977   4.912104017605543E-001
         243      662.240000000000009   4.774222469532106E-001
         244      664.829999999999927   4.649479107697516E-001
         245      667.419999999999959   4.524435943349090E-001
         246      670.009999999999991   4.410197376812448E-001
         247      672.600000000000023   4.297216990580637E-001
         248      675.189999999999941   4.186951378155754E-001
         249      677.779999999999973   4.082788848490964E-001
         250      680.370000000000005   3.975784544793441E-001
         251      682.959999999999923   3.878490778811283E-001
         252      685.549999999999955   3.782194162711221E-001
         253      688.139999999999986   3.692337850873173E-001
         254      690.730000000000018   3.610122389154640E-001
         255      693.319999999999936   3.531626430115011E-001
         256      695.909999999999968   3.464334774662348E-001
         257      698.500000000000000   3.401798392662840E-001
         258      701.089999999999918   3.348212832031550E-001
         259      703.679999999999950   3.301538564189741E-001
         260      706.269999999999982   3.260076942533487E-001
         261      708.860000000000014   3.226129246033906E-001
         262      711.449999999999932   3.195841131723682E-001
         263      714.039999999999964   3.172004512455260E-001
         264      716.629999999999995   3.153061459547644E-001
         265      719.219999999999914   3.139840419644315E-001
         266      721.809999999999945   3.133630712475224E-001
         267      724.399999999999977   3.135156618152450E-001
         268      726.990000000000009   3.145642139411393E-001
         269      729.579999999999927   3.166355741193456E-001
         270      732.169999999999959   3.198319056029959E-001
         271      734.759999999999991   3.240243708355592E-001
         272      737.350000000000023   3.296049356852109E-001
         273      739.939999999999941   3.358724965085003E-001
         274      742.529999999999973   3.432255935281319E-001
         275      745.120000000000005   3.510957926259834E-001
         276      747.709999999999923   3.592047227748481E-001
         277      750.299999999999955   3.676589776212040E-001
         278      752.889999999999986   3.754131928799325E-001
         279      755.480000000000018   3.829281263197117E-001
         280      758.069999999999936   3.893214008126051E-001
         281      760.659999999999968   3.946481711532215E-001
         282      763.250000000000000   3.987753424869425E-001
         283      765.839999999999918   4.013886481197915E-001
         284      768.429999999999950   4.026929454989840E-001
         285      771.019999999999982   4.025493785784420E-001
         286      773.610000000000014   4.011432529559897E-001
         287      776.199999999999932   3.985221641953558E-001
         288      778.789999999999964   3.950419424056690E-001
         289      781.379999999999995   3.904813603912771E-001
         290      783.969999999999914   3.855561890193258E-001
         291      786.559999999999945   3.800285007762341E-001
         292      789.149999999999977   3.742638823509878E-001
         293      791.740000000000009   3.685318228388041E-001
         294      794.329999999999927   3.625991861385955E-001
         295      796.919999999999959   3.572125535729356E-001
         296      799.509999999999991   3.519769637766785E-001
         297      802.099999999999909   3.474099363227197E-001
         298      804.689999999999941   3.435297390565211E-001
         299      807.279999999999973   3.403854666153165E-001
         300      809.870000000000005   3.383365152387796E-001
         301      812.459999999999923   3.373060747462659E-001
         302      815.049999999999955   3.375424625137384E-001
         303      817.639999999999986   3.390474994716897E-001
         304      820.229999999999905   3.419894814708186E-001
         305      822.819999999999936   3.461417678358885E-001
         306      825.409999999999968   3.519270327228696E-001
         307      828.000000000000000   3.586865153081362E-001
         308      830.589999999999918   3.667268340332157E-001
         309      833.179999999999950   3.757603420365285E-001
         310      835.769999999999982   3.852187756290277E-001
         311      838.360000000000014   3.956830205854658E-001
         312      840.949999999999932   4.056790717743297E-001
         313      843.539999999999964   4.158659061934031E-001
         314      846.129999999999995   4.253664654659133E-001
         315      848.719999999999914   4.338806615264730E-001
         316      851.309999999999945   4.415007250959206E-001
         317      853.899999999999977   4.472811460484536E-001
         318      856.490000000000009   4.515832230852084E-001
         319      859.079999999999927   4.538228559001709E-001
         320      861.669999999999959   4.541026785461781E-001
         321      864.259999999999991   4.522326099613565E-001
         322      866.849999999999909   4.484882162487338E-001
         323      869.439999999999941   4.425729570975818E-001
         324      872.029999999999973   4.351780272409087E-001
         325      874.620000000000005   4.262456084679798E-001
         326      877.209999999999923   4.160426495695901E-001
         327      879.799999999999955   4.054720514113797E-001
         328      882.389999999999986   3.938536350199229E-001
         329      884.979999999999905   3.829296752139726E-001
         330      887.569999999999936   3.720848422674408E-001
         331      890.159999999999968   3.621050764195388E-001
         332      892.750000000000000   3.534535699332082E-001
         333      895.339999999999918   3.458510688676597E-001
         334      897.929999999999950   3.402744923821501E-001
         335      900.519999999999982   3.362491325963219E-001
         336      903.110000000000014   3.341820517675842E-001
         337      905.699999999999932   3.338952791359588E-001
         338      908.289999999999964   3.354147869013104E-001
         339      910.879999999999995   3.383922879347665E-001
         340      913.469999999999914   3.428754741335069E-001
         341      916.059999999999945   3.482821430436616E-001
         342      918.649999999999977   3.544401348808606E-001
         343      921.240000000000009   3.611293716749060E-001
         344      923.829999999999927   3.675756591790105E-001
         345      926.419999999999959   3.740573944114658E-001
         346      929.009999999999991   3.795582655486669E-001
         347      931.599999999999909   3.842367474383082E-001
         348      934.189999999999941   3.876663073676809E-001
         349      936.779999999999973   3.895935268747053E-001
         350      939.370000000000005   3.899608041158444E-001
         351      941.959999999999923   3.886248353903738E-001
         352      944.549999999999955   3.855408527456348E-001
         353      947.139999999999986   3.807656171993585E-001
         354      949.729999999999905   3.745505548774872E-001
         355      952.319999999999936   3.665665173518846E-001
         356      954.909999999999968   3.577722722875478E-001
         357      957.500000000000000   3.475858175866051E-001
         358      960.089999999999918   3.368912704290778E-001
         359      962.679999999999950   3.257577764816233E-001
         360      965.269999999999982   3.140835605338452E-001
         361      967.859999999999900   3.029791045917136E-001
         362      970.449999999999932   2.915920907141754E-001
         363      973.039999999999964   2.811665879671637E-001
         364      975.629999999999995   2.712708840124378E-001
         365      978.219999999999914   2.620901482771387E-001
         366      980.809999999999945   2.541467918833860E-001
         367      983.399999999999977   2.467631212662127E-001
         368      985.989999999999895   2.407946940529655E-001
         369      988.579999999999927   2.356499373681800E-001
         370      991.169999999999959   2.315227294857323E-001
         371      993.759999999999991   2.283799473664203E-001
         372      996.349999999999909   2.259616351821023E-001
         373      998.939999999999941   2.244203570114678E-001
         374     1001.529999999999973   2.234718207139395E-001
         375     1004.120000000000005   2.231138045060561E-001
         376     1006.709999999999923   2.232014604771848E-001
         377     1009.299999999999955   2.236807664014577E-001
         378     1011.889999999999986   2.244025015045281E-001
         379     1014.479999999999905   2.253609869533193E-001
         380     1017.069999999999936   2.264083317588756E-001
         381     1019.659999999999968   2.275004632269884E-001
         382     1022.250000000000000   2.286039277139480E-001
         383     1024.839999999999918   2.295817989217994E-001
         384     1027.429999999999836   2.304808312367186E-001
         385     1030.019999999999982   2.311484173937970E-001
         386     1032.609999999999900   2.315984709982786E-001
         387     1035.199999999999818   2.317741724855296E-001
         388     1037.789999999999964   2.316248661099962E-001
         389     1040.379999999999882   2.310871963391037E-001
         390     1042.969999999999800   2.302027927569270E-001
         391     1045.559999999999945   2.288609870865912E-001
         392     1048.149999999999864   2.270825481607517E-001
         393     1050.739999999999782   2.249087309910465E-001
         394     1053.329999999999927   2.221774557528988E-001
         395     1055.919999999999845   2.191538259121444E-001
         396     1058.509999999999764   2.155882093106811E-001
         397     1061.099999999999909   2.117304484818305E-001
         398     1063.689999999999827   2.075597224968533E-001
         399     1066.279999999999745   2.029710635358697E-001
         400     1068.869999999999891   1.983845011679932E-001
         401     1071.459999999999809   1.934315458172478E-001
         402     1074.049999999999727   1.885842756364582E-001
         403     1076.639999999999873   1.836988326449500E-001
         404     1079.229999999999791   1.788286994515147E-001
         405     1081.819999999999936   1.743165982920800E-001
         406     1084.409999999999854   1.697896867544841E-001
         407     1086.999999999999773   1.658063336017221E-001
         408     1089.589999999999918   1.621018890109553E-001
         409     1092.179999999999836   1.588306192031723E-001
         410     1094.769999999999754   1.561127089444199E-001
         411     1097.359999999999900   1.537842494860797E-001
         412     1099.949999999999818   1.521276876242155E-001
         413     1102.539999999999736   1.509526557663321E-001
         414     1105.129999999999882   1.503572852518573E-001
         415     1107.719999999999800   1.503001447683801E-001
         416     1110.309999999999945   1.507731204330867E-001
         417     1112.899999999999864   1.516920512299293E-001
         418     1115.489999999999782   1.530923640241326E-001
         419     1118.079999999999927   1.548414811770726E-001
         420     1120.669999999999845   1.568898625323527E-001
         421     1123.259999999999764   1.592423248514478E-001
         422     1125.849999999999909   1.616670576377146E-001
         423     1128.439999999999827   1.643133508882784E-001
         424     1131.029999999999745   1.668745529732405E-001
         425     1133.619999999999891   1.694405185137384E-001
         426     1136.209999999999809   1.719435069328483E-001
         427     1138.799999999999727   1.742150290037898E-001
         428     1141.389999999999873   1.764424633795443E-001
         429     1143.979999999999791   1.783515392583013E-001
         430     1146.569999999999936   1.801323751999462E-001
         431     1149.159999999999854   1.817005803025040E-001
         432     1151.749999999999773   1.830695622602434E-001
         433     1154.339999999999918   1.843715063694162E-001
         434     1156.929999999999836   1.855006336145379E-001
         435     1159.519999999999754   1.866274426406562E-001
         436     1162.109999999999900   1.877335870594834E-001
         437     1164.699999999999818   1.888887106672428E-001
         438     1167.289999999999736   1.901735130541056E-001
         439     1169.879999999999882   1.915267807050895E-001
         440     1172.469999999999800   1.931180664282692E-001
         441     1175.059999999999718   1.948219199596224E-001
         442     1177.649999999999864   1.967084322780011E-001
         443     1180.239999999999782   1.987964627162455E-001
         444     1182.829999999999927   2.009361717507545E-001
         445     1185.419999999999845   2.032756798803348E-001
         446     1188.009999999999764   2.055313738121640E-001
         447     1190.599999999999909   2.078087797547141E-001
         448     1193.189999999999827   2.099667594341099E-001
         449     1195.779999999999745   2.118676851157488E-001
         450     1198.369999999999891   2.135836849743100E-001
         451     1200.959999999999809   2.148465308168852E-001
         452     1203.549999999999727   2.156977281208583E-001
         453     1206.139999999999873   2.160045847467700E-001
         454     1208.729999999999791   2.157359607233502E-001
         455     1211.319999999999936   2.147888618794696E-001
         456     1213.909999999999854   2.132034137891878E-001
         457     1216.499999999999773   2.108181297485316E-001
         458     1219.089999999999918   2.077546604107283E-001
         459     1221.679999999999836   2.039662445972681E-001
         460     1224.269999999999754   1.993121822586090E-001
         461     1226.859999999999900   1.941797096321807E-001
         462     1229.449999999999818   1.881047515450973E-001
         463     1232.039999999999736   1.816404299931946E-001
         464     1234.629999999999882   1.745418651930777E-001
         465     1237.219999999999800   1.668491547470694E-001
         466     1239.809999999999718   1.590312560297207E-001
         467     1242.399999999999864   1.503946692191676E-001
         468     1244.989999999999782   1.419658481495389E-001
         469     1247.579999999999927   1.331308258513673E-001
         470     1250.169999999999845   1.242130828102290E-001
         471     1252.759999999999764   1.155148404620832E-001
         472     1255.349999999999909   1.064352214207247E-001
         473     1257.939999999999827   9.799450018954303E-002
         474     1260.529999999999745   8.943470881717985E-002
         475     1263.119999999999891   8.129532216821644E-002
         476     1265.709999999999809   7.356443757453235E-002
         477     1268.299999999999727   6.593037489210474E-002
         478     1270.889999999999873   5.906591090069924E-002
         479     1273.479999999999791   5.232523082099760E-002
         480     1276.069999999999709   4.625805121895610E-002
         481     1278.659999999999854   4.062114808971273E-002
         482     1281.249999999999773   3.535001498630663E-002
         483     1283.839999999999918   3.075176650736466E-002
         484     1286.429999999999836   2.637551276689010E-002
         485     1289.019999999999754   2.264032864263754E-002
         486     1291.609999999999900   1.924781332263592E-002
         487     1294.199999999999818   1.624207593204119E-002
         488     1296.789999999999736   1.369426244150418E-002
         489     1299.379999999999882   1.134824568339354E-002
         490     1301.969999999999800   9.451589345871980E-003
         491     1304.559999999999718   7.768581217305837E-003
         492     1307.149999999999864   6.357990692322346E-003
         493     1309.739999999999782   5.192865464323404E-003
         494     1312.329999999999927   4.182609835652329E-003
         495     1314.919999999999845   3.397585106995393E-003
         496     1317.509999999999764   2.734772781423089E-003
         497     1320.099999999999909   2.225023348501054E-003
         498     1322.689999999999827   1.835415156165254E-003
         499     1325.279999999999745   1.548338452721509E-003
         500     1327.869999999999891   1.374508796743612E-003
         501     1330.459999999999809   1.294954746526855E-003
         502     1333.049999999999727   1.321725997286194E-003
         503     1335.639999999999873   1.491432205966703E-003
         504     1338.229999999999791   1.865376496880344E-003
         505     1340.819999999999709   2.328249125639559E-003
         506     1343.409999999999854   3.019250065563028E-003
         507     1345.999999999999773   3.913246461706876E-003
         508     1348.589999999999918   5.123727942645928E-003
         509     1351.179999999999836   6.715678809541714E-003
         510     1353.769999999999754   8.703411396936644E-003
         511     1356.359999999999900   1.140121588287002E-002
         512     1358.949999999999818   1.463977509456527E-002
         513     1361.539999999999736   1.885807875282808E-002
         514     1364.129999999999882   2.408228879630769E-002
         515     1366.719999999999800   3.045084751897775E-002
         516     1369.309999999999718   3.864800124893009E-002
         517     1371.899999999999864   4.818247452180913E-002
         518     1374.489999999999782   6.028491789334112E-002
         519     1377.079999999999927   7.453164847947846E-002
         520     1379.669999999999845   9.155613009443186E-002
         521     1382.259999999999764   1.123902360141074E-001
         522     1384.849999999999909   1.359207212005913E-001
         523     1387.439999999999827   1.649938104496869E-001
         524     1390.029999999999745   1.974868375978076E-001
         525     1392.619999999999891   2.355396919308532E-001
         526     1395.209999999999809   2.797593880745808E-001
         527     1397.799999999999727   3.281772452951373E-001
         528     1400.389999999999873   3.862980183139371E-001
         529     1402.979999999999791   4.478691935357801E-001
         530     1405.569999999999709   5.183970212351596E-001
         531     1408.159999999999854   5.959520451092430E-001
         532     1410.749999999999773   6.787422289226015E-001
         533     1413.339999999999918   7.732084150904939E-001
         534     1415.929999999999836   8.693576141720314E-001
         535     1418.519999999999754   9.759738101886342E-001
         536     1421.109999999999900        1.086518656894896
         537     1423.699999999999818        1.201228555383977
         538     1426.289999999999736        1.324153722211122
         539     1428.879999999999882        1.444232776104855
         540     1431.469999999999800        1.571940232921861
         541     1434.059999999999718        1.695468058268489
         542     1436.649999999999864        1.818533430738626
         543     1439.239999999999782        1.940768567906844
         544     1441.829999999999927        2.053574929573870
         545     1444.419999999999845        2.165780527820971
         546     1447.009999999999764        2.264274682827363
         547     1449.599999999999909        2.355248233927114
         548     1452.189999999999827        2.434618511211511
         549     1454.779999999999745        2.499113657450835
         550     1457.369999999999891        2.552591721430417
         551     1459.959999999999809        2.588207326411748
         552     1462.549999999999727        2.609345944322058
         553     1465.139999999999873        2.613804624027352
         554     1467.729999999999791        2.602540309548885
         555     1470.319999999999709        2.574170290129587
         556     1472.909999999999854        2.531957529230567
         557     1475.499999999999773        2.473019333201819
         558     1478.089999999999918        2.401840495328543
         559     1480.679999999999836        2.318619271542502
         560     1483.269999999999754        2.221664367685207
         561     1485.859999999999900        2.119913814357005
         562     1488.449999999999818        2.005133487532476
         563     1491.039999999999736        1.888876732216204
         564     1493.629999999999882        1.767023359664790
         565     1496.219999999999800        1.641154121133013
         566     1498.809999999999718        1.519138263606010
         567     1501.399999999999864        1.390710177240180
         568     1503.989999999999782        1.271362839922631
         569     1506.579999999999700        1.152061935732718
         570     1509.169999999999845        1.037557127447826
         571     1511.759999999999764   9.311771127058819E-001
         572     1514.349999999999909   8.256282976162765E-001
         573     1516.939999999999827   7.324125742616161E-001
         574     1519.529999999999745   6.425233629970535E-001
         575     1522.119999999999891   5.614169693333224E-001
         576     1524.709999999999809   4.881843135897270E-001
         577     1527.299999999999727   4.196099810794749E-001
         578     1529.889999999999873   3.610912792505587E-001
         579     1532.479999999999791   3.065482095698826E-001
         580     1535.069999999999709   2.600069774132407E-001
         581     1537.659999999999854   2.189364172977548E-001
         582     1540.249999999999773   1.825260574723870E-001
         583     1542.839999999999918   1.523634123072952E-001
         584     1545.429999999999836   1.251181343459393E-001
         585     1548.019999999999754   1.030545367530067E-001
         586     1550.609999999999900   8.399480587763719E-002
         587     1553.199999999999818   6.795761145826873E-002
         588     1555.789999999999736   5.501722618805616E-002
         589     1558.379999999999882   4.368279149593945E-002
         590     1560.969999999999800   3.495908739478182E-002
         591     1563.559999999999718   2.756781443872569E-002
         592     1566.149999999999864   2.165430070158436E-002
         593     1568.739999999999782   1.697297976443224E-002
         594     1571.329999999999700   1.307471834979879E-002
         595     1573.919999999999845   1.014886844745888E-002
         596     1576.509999999999764   7.739728256410672E-003
         597     1579.099999999999909   5.905709724856933E-003
         598     1581.689999999999827   4.479588656067790E-003
         599     1584.279999999999745   3.349346174900347E-003
         600     1586.869999999999891   2.521419045024231E-003
         601     1589.459999999999809   1.858890080484343E-003
         602     1592.049999999999727   1.378406394451304E-003
         603     1594.639999999999873   1.011341039202307E-003
         604     1597.229999999999791   7.343554236740601E-004
         605     1599.819999999999709   5.360974803352292E-004
         606     1602.409999999999854   3.818944376234867E-004
         607     1604.999999999999773   2.753378123543371E-004
         608     1607.589999999999691   1.953295638941199E-004
         609     1610.179999999999836   1.378097108499787E-004
         610     1612.769999999999754   9.744950079948467E-005
         611     1615.359999999999900   6.719903922203230E-005
         612     1617.949999999999818   4.706955064648355E-005
         613     1620.539999999999736   3.227058869015309E-005
         614     1623.129999999999882   2.213277343798836E-005
         615     1625.719999999999800   1.513542542852520E-005
         616     1628.309999999999718   1.013878954836400E-005
         617     1630.899999999999864   6.885754828545032E-006
         618     1633.489999999999782   4.560632987704594E-006
         619     1636.079999999999700   3.042248408746673E-006
         620     1638.669999999999845   2.010881189562497E-006
         621     1641.259999999999764   1.309216258960078E-006
         622     1643.849999999999909   8.620140761195216E-007
         623     1646.439999999999827   5.513545602298109E-007
         624     1649.029999999999745   3.578563791961642E-007
         625     1651.619999999999891   2.285419213876594E-007
         626     1654.209999999999809   1.446971964469412E-007
         627     1656.799999999999727   9.233758646587376E-008
         628     1659.389999999999873   5.701394911739044E-008
         629     1661.979999999999791   3.602281140047126E-008
         630     1664.569999999999709   2.221986505901441E-008
         631     1667.159999999999854   1.368653101962991E-008
         632     1669.749999999999773   8.444203558610752E-009
         633     1672.339999999999691   5.062247510068119E-009
         634     1674.929999999999836   3.103195922449231E-009
         635     1677.519999999999754   1.847865860327147E-009
         636     1680.109999999999900   1.107991920434870E-009
         637     1682.699999999999818   6.602931534871459E-010
         638     1685.289999999999736   3.849436325253919E-010
         639     1687.879999999999882   2.289652911713347E-010
         640     1690.469999999999800   1.314219844061881E-010
         641     1693.059999999999718   7.685230229981244E-011
         642     1695.649999999999864   4.433786671143025E-011
         643     1698.239999999999782   2.501110429875553E-011
         644     1700.829999999999700   1.432454155292362E-011
         645     1703.419999999999845   7.958078640513122E-012
         646     1706.009999999999764   4.320099833421409E-012
         647     1708.599999999999909   2.501110429875553E-012
         648     1711.189999999999827   1.364242052659392E-012
         649     1713.779999999999745   6.821210263296962E-013
         650     1716.369999999999891   4.547473508864641E-013
         651     1718.959999999999809   2.273736754432321E-013
         652     1721.549999999999727   0.000000000000000E+000
         653     1724.139999999999873   0.000000000000000E+000
         654     1726.729999999999791   0.000000000000000E+000
         655     1729.319999999999709   0.000000000000000E+000
         656     1731.909999999999854   0.000000000000000E+000
         657     1734.499999999999773   0.000000000000000E+000
         658     1737.089999999999691   0.000000000000000E+000
         659     1739.679999999999836   0.000000000000000E+000
         660     1742.269999999999754   0.000000000000000E+000
         661     1744.859999999999900   0.000000000000000E+000
         662     1747.449999999999818   0.000000000000000E+000
         663     1750.039999999999736   0.000000000000000E+000
         664     1752.629999999999882   0.000000000000000E+000
         665     1755.219999999999800   0.000000000000000E+000
         666     1757.809999999999718   0.000000000000000E+000
         667     1760.399999999999864   0.000000000000000E+000
         668     1762.989999999999782   0.000000000000000E+000
         669     1765.579999999999700   0.000000000000000E+000
         670     1768.169999999999845   0.000000000000000E+000
         671     1770.759999999999764   0.000000000000000E+000
         672     1773.349999999999909   0.000000000000000E+000
         673     1775.939999999999827   0.000000000000000E+000
         674     1778.529999999999745   0.000000000000000E+000
         675     1781.119999999999891   0.000000000000000E+000
         676     1783.709999999999809   0.000000000000000E+000
         677     1786.299999999999727   0.000000000000000E+000
         678     1788.889999999999873   0.000000000000000E+000
         679     1791.479999999999791   0.000000000000000E+000
         680     1794.069999999999709   0.000000000000000E+000
         681     1796.659999999999854   0.000000000000000E+000
         682     1799.249999999999773   0.000000000000000E+000
         683     1801.839999999999691   0.000000000000000E+000
         684     1804.429999999999836   0.000000000000000E+000
         685     1807.019999999999754   0.000000000000000E+000
         686     1809.609999999999900   0.000000000000000E+000
         687     1812.199999999999818   0.000000000000000E+000
         688     1814.789999999999736   0.000000000000000E+000
         689     1817.379999999999882   0.000000000000000E+000
         690     1819.969999999999800   0.000000000000000E+000
         691     1822.559999999999718   0.000000000000000E+000
         692     1825.149999999999864   0.000000000000000E+000
         693     1827.739999999999782   0.000000000000000E+000
         694     1830.329999999999700   0.000000000000000E+000
         695     1832.919999999999845   0.000000000000000E+000
         696     1835.509999999999764   0.000000000000000E+000
         697     1838.099999999999682   0.000000000000000E+000
         698     1840.689999999999827   0.000000000000000E+000
         699     1843.279999999999745   0.000000000000000E+000
         700     1845.869999999999891   0.000000000000000E+000
         701     1848.459999999999809   0.000000000000000E+000
         702     1851.049999999999727   0.000000000000000E+000
         703     1853.639999999999873   0.000000000000000E+000
         704     1856.229999999999791   0.000000000000000E+000
         705     1858.819999999999709   0.000000000000000E+000
         706     1861.409999999999854   0.000000000000000E+000
         707     1863.999999999999773   0.000000000000000E+000
         708     1866.589999999999691   0.000000000000000E+000
         709     1869.179999999999836   0.000000000000000E+000
         710     1871.769999999999754   0.000000000000000E+000
         711     1874.359999999999900   0.000000000000000E+000
         712     1876.949999999999818   0.000000000000000E+000
         713     1879.539999999999736   0.000000000000000E+000
         714     1882.129999999999882   0.000000000000000E+000
         715     1884.719999999999800   0.000000000000000E+000
         716     1887.309999999999718   0.000000000000000E+000
         717     1889.899999999999864   0.000000000000000E+000
         718     1892.489999999999782   0.000000000000000E+000
         719     1895.079999999999700   0.000000000000000E+000
         720     1897.669999999999845   0.000000000000000E+000
         721     1900.259999999999764   0.000000000000000E+000
         722     1902.849999999999682   0.000000000000000E+000
         723     1905.439999999999827   0.000000000000000E+000
         724     1908.029999999999745   0.000000000000000E+000
         725     1910.619999999999891   0.000000000000000E+000
         726     1913.209999999999809   0.000000000000000E+000
         727     1915.799999999999727   0.000000000000000E+000
         728     1918.389999999999873   0.000000000000000E+000
         729     1920.979999999999791   0.000000000000000E+000
         730     1923.569999999999709   0.000000000000000E+000
         731     1926.159999999999854   0.000000000000000E+000
         732     1928.749999999999773   0.000000000000000E+000
         733     1931.339999999999691   0.000000000000000E+000
         734     1933.929999999999836   0.000000000000000E+000
         735     1936.519999999999754   0.000000000000000E+000
         736     1939.109999999999673   0.000000000000000E+000
         737     1941.699999999999818   0.000000000000000E+000
         738     1944.289999999999736   0.000000000000000E+000
         739     1946.879999999999882   0.000000000000000E+000
         740     1949.469999999999800   0.000000000000000E+000
         741     1952.059999999999718   0.000000000000000E+000
         742     1954.649999999999864   0.000000000000000E+000
         743     1957.239999999999782   0.000000000000000E+000
         744     1959.829999999999700   0.000000000000000E+000
         745     1962.419999999999845   0.000000000000000E+000
         746     1965.009999999999764   0.000000000000000E+000
         747     1967.599999999999682   0.000000000000000E+000
         748     1970.189999999999827   0.000000000000000E+000
         749     1972.779999999999745   0.000000000000000E+000
         750     1975.369999999999891   0.000000000000000E+000
         751     1977.959999999999809   0.000000000000000E+000
         752     1980.549999999999727   0.000000000000000E+000
         753     1983.139999999999873   0.000000000000000E+000
         754     1985.729999999999791   0.000000000000000E+000
         755     1988.319999999999709   0.000000000000000E+000
         756     1990.909999999999854   0.000000000000000E+000
         757     1993.499999999999773   0.000000000000000E+000
         758     1996.089999999999691   0.000000000000000E+000
         759     1998.679999999999836   0.000000000000000E+000
         760     2001.269999999999754   0.000000000000000E+000
         761     2003.859999999999673   0.000000000000000E+000
         762     2006.449999999999818   0.000000000000000E+000
         763     2009.039999999999736   0.000000000000000E+000
         764     2011.629999999999882   0.000000000000000E+000
         765     2014.219999999999800   0.000000000000000E+000
         766     2016.809999999999718   0.000000000000000E+000
         767     2019.399999999999864   0.000000000000000E+000
         768     2021.989999999999782   0.000000000000000E+000
         769     2024.579999999999700   0.000000000000000E+000
         770     2027.169999999999845   0.000000000000000E+000
         771     2029.759999999999764   0.000000000000000E+000
         772     2032.349999999999682   0.000000000000000E+000
         773     2034.939999999999827   0.000000000000000E+000
         774     2037.529999999999745   0.000000000000000E+000
         775     2040.119999999999891   0.000000000000000E+000
         776     2042.709999999999809   0.000000000000000E+000
         777     2045.299999999999727   0.000000000000000E+000
         778     2047.889999999999873   0.000000000000000E+000
         779     2050.480000000000018   0.000000000000000E+000
         780     2053.069999999999709   0.000000000000000E+000
         781     2055.659999999999854   0.000000000000000E+000
         782     2058.250000000000000   0.000000000000000E+000
         783     2060.839999999999691   0.000000000000000E+000
         784     2063.429999999999836   0.000000000000000E+000
         785     2066.019999999999982   0.000000000000000E+000
         786     2068.609999999999673   0.000000000000000E+000
         787     2071.199999999999818   0.000000000000000E+000
         788     2073.789999999999964   0.000000000000000E+000
         789     2076.380000000000109   0.000000000000000E+000
         790     2078.969999999999800   0.000000000000000E+000
         791     2081.559999999999945   0.000000000000000E+000
         792     2084.149999999999636   0.000000000000000E+000
         793     2086.739999999999782   0.000000000000000E+000
         794     2089.329999999999927   0.000000000000000E+000
         795     2091.919999999999618   0.000000000000000E+000
         796     2094.509999999999764   0.000000000000000E+000
         797     2097.099999999999909   0.000000000000000E+000
         798     2099.689999999999600   0.000000000000000E+000
         799     2102.279999999999745   0.000000000000000E+000
         800     2104.869999999999891   0.000000000000000E+000
         801     2107.459999999999582   0.000000000000000E+000
         802     2110.049999999999727   0.000000000000000E+000
         803     2112.639999999999873   0.000000000000000E+000
         804     2115.229999999999563   0.000000000000000E+000
         805     2117.819999999999709   0.000000000000000E+000
         806     2120.409999999999854   0.000000000000000E+000
         807     2123.000000000000000   0.000000000000000E+000
         808     2125.589999999999691   0.000000000000000E+000
         809     2128.179999999999836   0.000000000000000E+000
         810     2130.769999999999982   0.000000000000000E+000
         811     2133.359999999999673   0.000000000000000E+000
         812     2135.949999999999818   0.000000000000000E+000
         813     2138.539999999999964   0.000000000000000E+000
         814     2141.129999999999654   0.000000000000000E+000
         815     2143.719999999999800   0.000000000000000E+000
         816     2146.309999999999945   0.000000000000000E+000
         817     2148.899999999999636   0.000000000000000E+000
         818     2151.489999999999782   0.000000000000000E+000
         819     2154.079999999999927   0.000000000000000E+000
         820     2156.669999999999618   0.000000000000000E+000
         821     2159.259999999999764   0.000000000000000E+000
         822     2161.849999999999909   0.000000000000000E+000
         823     2164.439999999999600   0.000000000000000E+000
         824     2167.029999999999745   0.000000000000000E+000
         825     2169.619999999999891   0.000000000000000E+000
         826     2172.209999999999582   0.000000000000000E+000
         827     2174.799999999999727   0.000000000000000E+000
         828     2177.389999999999873   0.000000000000000E+000
         829     2179.979999999999563   0.000000000000000E+000
         830     2182.569999999999709   0.000000000000000E+000
         831     2185.159999999999854   0.000000000000000E+000
         832     2187.750000000000000   0.000000000000000E+000
         833     2190.339999999999691   0.000000000000000E+000
         834     2192.929999999999836   0.000000000000000E+000
         835     2195.519999999999982   0.000000000000000E+000
         836     2198.109999999999673   0.000000000000000E+000
         837     2200.699999999999818   0.000000000000000E+000
         838     2203.289999999999964   0.000000000000000E+000
         839     2205.879999999999654   0.000000000000000E+000
         840     2208.469999999999800   0.000000000000000E+000
         841     2211.059999999999945   0.000000000000000E+000
         842     2213.649999999999636   0.000000000000000E+000
         843     2216.239999999999782   0.000000000000000E+000
         844     2218.829999999999927   0.000000000000000E+000
         845     2221.419999999999618   0.000000000000000E+000
         846     2224.009999999999764   0.000000000000000E+000
         847     2226.599999999999909   0.000000000000000E+000
         848     2229.189999999999600   0.000000000000000E+000
         849     2231.779999999999745   0.000000000000000E+000
         850     2234.369999999999891   0.000000000000000E+000
         851     2236.959999999999582   0.000000000000000E+000
         852     2239.549999999999727   0.000000000000000E+000
         853     2242.139999999999873   0.000000000000000E+000
         854     2244.729999999999563   0.000000000000000E+000
         855     2247.319999999999709   0.000000000000000E+000
         856     2249.909999999999854   0.000000000000000E+000
         857     2252.499999999999545   0.000000000000000E+000
         858     2255.089999999999691   0.000000000000000E+000
         859     2257.679999999999836   0.000000000000000E+000
         860     2260.269999999999982   0.000000000000000E+000
         861     2262.859999999999673   0.000000000000000E+000
         862     2265.449999999999818   0.000000000000000E+000
         863     2268.039999999999964   0.000000000000000E+000
         864     2270.629999999999654   0.000000000000000E+000
         865     2273.219999999999800   0.000000000000000E+000
         866     2275.809999999999945   0.000000000000000E+000
         867     2278.399999999999636   0.000000000000000E+000
         868     2280.989999999999782   0.000000000000000E+000
         869     2283.579999999999927   0.000000000000000E+000
         870     2286.169999999999618   0.000000000000000E+000
         871     2288.759999999999764   0.000000000000000E+000
         872     2291.349999999999909   0.000000000000000E+000
         873     2293.939999999999600   0.000000000000000E+000
         874     2296.529999999999745   0.000000000000000E+000
         875     2299.119999999999891   0.000000000000000E+000
         876     2301.709999999999582   0.000000000000000E+000
         877     2304.299999999999727   0.000000000000000E+000
         878     2306.889999999999873   0.000000000000000E+000
         879     2309.479999999999563   0.000000000000000E+000
         880     2312.069999999999709   0.000000000000000E+000
         881     2314.659999999999854   0.000000000000000E+000
         882     2317.249999999999545   0.000000000000000E+000
         883     2319.839999999999691   0.000000000000000E+000
         884     2322.429999999999836   0.000000000000000E+000
         885     2325.019999999999982   0.000000000000000E+000
         886     2327.609999999999673   0.000000000000000E+000
         887     2330.199999999999818   0.000000000000000E+000
         888     2332.789999999999964   0.000000000000000E+000
         889     2335.379999999999654   0.000000000000000E+000
         890     2337.969999999999800   0.000000000000000E+000
         891     2340.559999999999945   0.000000000000000E+000
         892     2343.149999999999636   0.000000000000000E+000
         893     2345.739999999999782   0.000000000000000E+000
         894     2348.329999999999927   0.000000000000000E+000
         895     2350.919999999999618   0.000000000000000E+000
         896     2353.509999999999764   0.000000000000000E+000
         897     2356.099999999999909   0.000000000000000E+000
         898     2358.689999999999600   0.000000000000000E+000
         899     2361.279999999999745   0.000000000000000E+000
         900     2363.869999999999891   0.000000000000000E+000
         901     2366.459999999999582   0.000000000000000E+000
         902     2369.049999999999727   0.000000000000000E+000
         903     2371.639999999999873   0.000000000000000E+000
         904     2374.229999999999563   0.000000000000000E+000
         905     2376.819999999999709   0.000000000000000E+000
         906     2379.409999999999854   0.000000000000000E+000
         907     2381.999999999999545   0.000000000000000E+000
         908     2384.589999999999691   0.000000000000000E+000
         909     2387.179999999999836   0.000000000000000E+000
         910     2389.769999999999982   0.000000000000000E+000
         911     2392.359999999999673   0.000000000000000E+000
         912     2394.949999999999818   0.000000000000000E+000
         913     2397.539999999999964   0.000000000000000E+000
         914     2400.129999999999654   0.000000000000000E+000
         915     2402.719999999999800   0.000000000000000E+000
         916     2405.309999999999945   0.000000000000000E+000
         917     2407.899999999999636   0.000000000000000E+000
         918     2410.489999999999782   0.000000000000000E+000
         919     2413.079999999999927   0.000000000000000E+000
         920     2415.669999999999618   0.000000000000000E+000
         921     2418.259999999999764   0.000000000000000E+000
         922     2420.849999999999909   0.000000000000000E+000
         923     2423.439999999999600   0.000000000000000E+000
         924     2426.029999999999745   0.000000000000000E+000
         925     2428.619999999999891   0.000000000000000E+000
         926     2431.209999999999582   0.000000000000000E+000
         927     2433.799999999999727   0.000000000000000E+000
         928     2436.389999999999873   0.000000000000000E+000
         929     2438.979999999999563   0.000000000000000E+000
         930     2441.569999999999709   0.000000000000000E+000
         931     2444.159999999999854   0.000000000000000E+000
         932     2446.749999999999545   0.000000000000000E+000
         933     2449.339999999999691   0.000000000000000E+000
         934     2451.929999999999836   0.000000000000000E+000
         935     2454.519999999999982   0.000000000000000E+000
         936     2457.109999999999673   0.000000000000000E+000
         937     2459.699999999999818   0.000000000000000E+000
         938     2462.289999999999964   0.000000000000000E+000
         939     2464.879999999999654   0.000000000000000E+000
         940     2467.469999999999800   0.000000000000000E+000
         941     2470.059999999999945   0.000000000000000E+000
         942     2472.649999999999636   0.000000000000000E+000
         943     2475.239999999999782   0.000000000000000E+000
         944     2477.829999999999927   0.000000000000000E+000
         945     2480.419999999999618   0.000000000000000E+000
         946     2483.009999999999764   0.000000000000000E+000
         947     2485.599999999999909   0.000000000000000E+000
         948     2488.189999999999600   0.000000000000000E+000
         949     2490.779999999999745   0.000000000000000E+000
         950     2493.369999999999891   0.000000000000000E+000
         951     2495.959999999999582   0.000000000000000E+000
         952     2498.549999999999727   0.000000000000000E+000
         953     2501.139999999999873   0.000000000000000E+000
         954     2503.729999999999563   0.000000000000000E+000
         955     2506.319999999999709   0.000000000000000E+000
         956     2508.909999999999854   0.000000000000000E+000
         957     2511.499999999999545   0.000000000000000E+000
         958     2514.089999999999691   0.000000000000000E+000
         959     2516.679999999999836   0.000000000000000E+000
         960     2519.269999999999527   0.000000000000000E+000
         961     2521.859999999999673   0.000000000000000E+000
         962     2524.449999999999818   0.000000000000000E+000
         963     2527.039999999999964   0.000000000000000E+000
         964     2529.629999999999654   0.000000000000000E+000
         965     2532.219999999999800   0.000000000000000E+000
         966     2534.809999999999945   0.000000000000000E+000
         967     2537.399999999999636   0.000000000000000E+000
         968     2539.989999999999782   0.000000000000000E+000
         969     2542.579999999999927   0.000000000000000E+000
         970     2545.169999999999618   0.000000000000000E+000
         971     2547.759999999999764   0.000000000000000E+000
         972     2550.349999999999909   0.000000000000000E+000
         973     2552.939999999999600   0.000000000000000E+000
         974     2555.529999999999745   0.000000000000000E+000
         975     2558.119999999999891   0.000000000000000E+000
         976     2560.709999999999582   0.000000000000000E+000
         977     2563.299999999999727   0.000000000000000E+000
         978     2565.889999999999873   0.000000000000000E+000
         979     2568.479999999999563   0.000000000000000E+000
         980     2571.069999999999709   0.000000000000000E+000
         981     2573.659999999999854   0.000000000000000E+000
         982     2576.249999999999545   0.000000000000000E+000
         983     2578.839999999999691   0.000000000000000E+000
         984     2581.429999999999836   0.000000000000000E+000
         985     2584.019999999999527   0.000000000000000E+000
         986     2586.609999999999673   0.000000000000000E+000
         987     2589.199999999999818   0.000000000000000E+000
         988     2591.789999999999964   0.000000000000000E+000
         989     2594.379999999999654   0.000000000000000E+000
         990     2596.969999999999800   0.000000000000000E+000
         991     2599.559999999999945   0.000000000000000E+000
         992     2602.149999999999636   0.000000000000000E+000
         993     2604.739999999999782   0.000000000000000E+000
         994     2607.329999999999927   0.000000000000000E+000
         995     2609.919999999999618   0.000000000000000E+000
         996     2612.509999999999764   0.000000000000000E+000
         997     2615.099999999999909   0.000000000000000E+000
         998     2617.689999999999600   0.000000000000000E+000
         999     2620.279999999999745   0.000000000000000E+000
        1000     2622.869999999999891   0.000000000000000E+000
        1001     2625.459999999999582   0.000000000000000E+000
        1002     2628.049999999999727   0.000000000000000E+000
        1003     2630.639999999999873   0.000000000000000E+000
        1004     2633.229999999999563   0.000000000000000E+000
        1005     2635.819999999999709   0.000000000000000E+000
        1006     2638.409999999999854   0.000000000000000E+000
        1007     2640.999999999999545   0.000000000000000E+000
        1008     2643.589999999999691   0.000000000000000E+000
        1009     2646.179999999999836   0.000000000000000E+000
        1010     2648.769999999999527   0.000000000000000E+000
        1011     2651.359999999999673   0.000000000000000E+000
        1012     2653.949999999999818   0.000000000000000E+000
        1013     2656.539999999999964   0.000000000000000E+000
        1014     2659.129999999999654   0.000000000000000E+000
        1015     2661.719999999999800   0.000000000000000E+000
        1016     2664.309999999999945   0.000000000000000E+000
        1017     2666.899999999999636   0.000000000000000E+000
        1018     2669.489999999999782   0.000000000000000E+000
        1019     2672.079999999999927   0.000000000000000E+000
        1020     2674.669999999999618   0.000000000000000E+000
        1021     2677.259999999999764   0.000000000000000E+000
        1022     2679.849999999999909   0.000000000000000E+000
        1023     2682.439999999999600   0.000000000000000E+000
        1024     2685.029999999999745   0.000000000000000E+000
